12
17
2147483647 200 2147483647 2147483647 2147483647 2147483647 2147483647 400 2147483647 2147483647 50 2147483647 
200 2147483647 2147483647 2147483647 2147483647 200 300 400 2147483647 2147483647 2147483647 2147483647 
2147483647 2147483647 2147483647 300 2147483647 2147483647 2147483647 2147483647 2147483647 300 2147483647 2147483647 
2147483647 2147483647 300 2147483647 2147483647 1000 2147483647 2147483647 50 2147483647 2147483647 1200 
2147483647 2147483647 2147483647 2147483647 2147483647 900 2147483647 2147483647 300 2147483647 2147483647 200 
2147483647 200 2147483647 1000 900 2147483647 250 2147483647 2147483647 2147483647 2147483647 700 
2147483647 300 2147483647 2147483647 2147483647 250 2147483647 2147483647 2147483647 2147483647 200 2147483647 
400 400 2147483647 2147483647 2147483647 2147483647 2147483647 2147483647 2147483647 2147483647 2147483647 2147483647 
2147483647 2147483647 2147483647 50 300 2147483647 2147483647 2147483647 2147483647 2147483647 2147483647 2147483647 
2147483647 2147483647 300 2147483647 2147483647 2147483647 2147483647 2147483647 2147483647 2147483647 2147483647 2147483647 
50 2147483647 2147483647 2147483647 2147483647 2147483647 200 2147483647 2147483647 2147483647 2147483647 2147483647 
2147483647 2147483647 2147483647 1200 200 700 2147483647 2147483647 2147483647 2147483647 2147483647 2147483647 
